Thomas Cornu
dlkvés
Thomas Cornu

ff ff ff ff ff ff dc a6 32 00 6c c7 08 00 45 00
05 dc 13 a0 40 00 40 06 6f 74 a9 fe af 0a a9 fe
af 00 04 d2 f2 1b 9e 34 94 81 08 c5 17 50 50 10
00 e5 ce cd 00 00 

00 00 07 1b 
fe 00 00 01 
00 00 00 00 
00 00 00 00 
00 00 00 1e 
00 00 00 12 

45 55 52 00  -> EUR currencyCode
00 00 03 e8  -> 1000 value
00 00 41 41  -> AA variant
00           -> secondaryCT size
00 00 00 01  -> lcuNumber
00 00 17 83  -> 6019 lcuKind 
00 00 17 8d  -> 6029 lcuType
31 31 37 30 30 30 39 37 37 35 32 00 00 00 00 00 00 00 00 00 -> unitId
00 00 00 00  -> initial count
00 00 00 00  -> count
00 00 17 8f  -> ok status
00 00 00 00  -> 5 dummy uint32
00 00 00 00 
00 00 00 00 
00 00 00 00 
00 00 00 00 
00 00 00 04  -> pcu index
45 55 52 00 00 00 01 f4 00 00 41 41 00 00 00 00 02
00 00 17 83 00 00 17 8d 31 31 37 30 30 30 39 37
37 35 32 00 00 00 00 00 00 00 00 00 00 00 00 00
00 00 00 00 00 00 17 8f 00 00 00 00 00 00 00 00
00 00 00 00 00 00 00 00 00 00 00 00 00 00 00 03
45 55 52 00 00 00 01 f4 00 00 41 41 01 45 55 52
00 00 00 01 f4 00 00 41 42 00 00 00 03 00 00 17
83 00 00 17 8d 00 00 00 00 00 00 00 00 00 00 00
00 00 00 00 00 00 00 00 00 00 00 00 00 00 00 00
00 00 00 17 8f 00 00 00 00 00 00 00 00 00 00 00
00 00 00 00 00 00 00 00 00 00 00 00 02 00 00 00
00 00 00 00 00 00 00 00 00 00 00 00 00 04 00 00
17 83 00 00 17 8d 35 30 37 39 31 39 30 30 32 35
31 00 00 00 00 00 00 00 00 00 00 00 00 00 00 00
00 00 00 00 17 8f 00 00 00 00 00 00 00 00 00 00
00 00 00 00 00 00 00 00 00 00 00 00 00 00 45 55
52 00 00 00 03 e8 00 00 41 41 00 00 00 00 05 00
00 17 82 00 00 17 87 31 31 37 30 30 30 39 37 37
35 32 00 00 00 00 00 00 00 00 00 00 00 00 00 00
00 00 00 00 00 17 8f 00 00 00 00 00 00 00 00 00
00 00 00 00 00 00 00 00 00 00 00 00 00 00 04 45
55 52 00 00 00 01 f4 00 00 41 41 00 00 00 00 06
00 00 17 82 00 00 17 87 31 31 37 30 30 30 39 37
37 35 32 00 00 00 00 00 00 00 00 00 00 00 00 00
00 00 00 00 00 00 17 8f 00 00 00 00 00 00 00 00
00 00 00 00 00 00 00 00 00 00 00 00 00 00 00 03
45 55 52 00 00 00 01 f4 00 00 41 41 01 45 55 52
00 00 00 01 f4 00 00 41 42 00 00 00 07 00 00 17
80 00 00 17 87 00 00 00 00 00 00 00 00 00 00 00
00 00 00 00 00 00 00 00 00 00 00 00 00 00 00 00
00 00 00 17 8f 00 00 00 00 00 00 00 00 00 00 00
00 00 00 00 00 00 00 00 00 00 00 00 02 00 00 00
00 00 00 00 00 00 00 00 00 00 00 00 00 08 00 00
17 81 00 00 17 85 00 00 00 00 00 00 00 00 00 00
00 00 00 00 00 00 00 00 00 00 00 00 00 00 00 00
00 00 00 00 17 8f 00 00 00 00 00 00 00 00 00 00
00 00 00 00 00 00 00 00 00 00 00 00 00 01 45 55
52 00 00 00 01 f4 00 00 41 42 00 00 00 00 09 00
00 17 81 00 00 17 87 00 00 00 00 00 00 00 00 00
00 00 00 00 00 00 00 00 00 00 00 00 00 00 00 00
00 00 00 00 00 17 8f 00 00 00 00 00 00 00 00 00
00 00 00 00 00 00 00 00 00 00 00 00 00 00 01 45
55 52 00 00 00 27 10 00 00 41 41 00 00 00 00 0a
00 00 17 81 00 00 17 87 00 00 00 00 00 00 00 00
00 00 00 00 00 00 00 00 00 00 00 00 00 00 00 00
00 00 00 00 00 00 17 8f 00 00 00 00 00 00 00 00
00 00 00 00 00 00 00 00 00 00 00 00 00 00 00 01
45 55 52 00 00 00 01 f4 00 00 41 41 00 00 00 00
0b 00 00 17 81 00 00 17 87 00 00 00 00 00 00 00
00 00 00 00 00 00 00 00 00 00 00 00 00 00 00 00
00 00 00 00 00 00 00 17 8f 00 00 00 00 00 00 00
00 00 00 00 00 00 00 00 00 00 00 00 00 00 00 00
01 45 55 52 00 00 00 13 88 00 00 41 41 00 00 00
00 0c 00 00 17 81 00 00 17 87 00 00 00 00 00 00
00 00 00 00 00 00 00 00 00 00 00 00 00 00 00 00
00 00 00 00 00 00 00 00 17 8f 00 00 00 00 00 00
00 00 00 00 00 00 00 00 00 00 00 00 00 00 00 00
00 01 45 55 52 00 00 00 07 d0 00 00 41 42 00 00
00 00 0d 00 00 17 81 00 00 17 87 00 00 00 00 00
00 00 00 00 00 00 00 00 00 00 00 00 00 00 00 00
00 00 00 00 00 00 00 00 00 17 8f 00 00 00 00 00
00 00 00 00 00 00 00 00 00 00 00 00 00 00 00 00
00 00 01 45 55 52 00 00 00 07 d0 00 00 41 41 00
00 00 00 0e 00 00 17 81 00 00 17 87 00 00 00 00
00 00 00 00 00 00 00 00 00 00 00 00 00 00 00 00
00 00 00 00 00 00 00 00 00 00 17 8f 00 00 00 00
00 00 00 00 00 00 00 00 00 00 00 00 00 00 00 00
00 00 00 01 45 55 52 00 00 00 03 e8 00 00 41 42
00 00 00 00 0f 00 00 17 81 00 00 17 87 00 00 00
00 00 00 00 00 00 00 00 00 00 00 00 00 00 00 00
00 00 00 00 00 00 00 00 00 00 00 17 8f 00 00 00
00 00 00 00 00 00 00 00 00 00 00 00 00 00 00 00
00 00 00 00 01 45 55 52 00 00 00 03 e8 00 00 41
41 00 00 00 00 10 00 00 17 81 00 00 17 87 00 00
00 00 00 00 00 00 00 00 00 00 00 00 00 00 00 00
00 00 00 00 00 00 00 00 00 00 00 00 17 8f 00 00
00 00 00 00 00 00 00 00 00 00 00 00 00 00 00 00
00 00 00 00 00 01 45 55 52 00 00 00 c3 50 00 00
41 41 00 00 00 00 11 00 00 17 81 00 00 17 87 00
00 00 00 00 00 00 00 00 00 00 00 00 00 00 00 00
00 00 00 00 00 00 00 00 00 00 00 00 00 17 8f 00
00 00 00 00 00 00 00 00 00 00 00 00 00 00 00 00
00 00 00 00 00 00 01 45 55 52 00 00 00 4e 20 00
00 41 41 00 00 00 00 12 00 00 17 81 00 00 17 87
00 00 00 00 00 00 00 00 00 00